 -1973483509
 -1254701202
  -812506982
   665282975
  1910821178
  -161841366
 -2068730859
 -1880841300
 -1702196331
  1573715387
 -1682479970
  2050044973
  1005649294
   217827121
  2128832726
   560506710
   582248343
   705876892
  1329436204
   883581578
 -2034133695
  2061481192
 -1647511031
  1750559601
 -1139391933
  -424134701
   973636676
   581892120
 -1399367184
  1333523231
   669782103
 -1049982129
 -1135533336
   -90575304
 -1046715604
 -1460093382
    56662854
 -1397610876
   585203233
   983264672
  -284477413
 -1223135163
  -477555612
  -405919980
  1793365631
  -185342569
  1177676206
  1894363961
  1765056742
     8667948
  -534296707
  1155381816
   151207990
   793119872
   478619316
   717183454
 -1188267555
 -1696703945
  1103569467
  1476902578
  2078510057
  -392968997
 -1764553535
  -896861367
   358201019
    86187445
  2052528507
   461670058
 -1705069680
 -2078713178
 -1020002098
  1247127042
 -1357623278
  -731965214
  -571333491
  1342753244
  -513242842
 -1858492065
  -191259003
  1987770812
   504416247
  -222014526
  1554052488
 -1817897279
 -1530778818
   969075844
   467588141
  -446592341
  1511125860
  -651076358
  1287589916
  1944413657
   272720826
  1518860193
 -1646031346
   580446022
   746246413
  1127252326
  -416621251
   886401816
 -1163758493
   233087331
 -1112753752
   240267197
   890213926
  -888235600
   328298325
  1440999650
  1297460222
  1060801852
  1613886925
  1642974069
  -516023253
  -209632061
 -1627869591
 -1823227747
  2116070341
   358505619
   708508407
  1199376278
  -163651767
   -79215012
  -432659200
  1310508921
 -1972297995
  1921067784
  -984758056
  -352786109
  1858804763
 -1196462310
  -345449591
  -543019886
  -611380860
 -1249947993
  1708781905
  1696226675
 -1987375355
  1219312267
  1877560007
 -1763982112
 -1108493902
  -318318871
 -1771530790
   782270118
    72404434
  -564141418
 -1023787755
  1868584507
 -1548337032
  1755336902
